1 0.003012
2 0.001364
3 0.001181
4 0.000807
5 0.000992
6 0.000792
7 0.001257
8 0.001045
9 0.000963
10 0.000921
11 0.00109
12 0.001168
13 0.001169
14 0.001373
15 0.001655
16 0.001438
17 0.001545
18 0.001527
19 0.001698
20 0.001801
21 0.001946
22 0.002138
23 0.00222
24 0.002468
25 0.00252
26 0.002562
27 0.002801
28 0.003035
29 0.003589
30 0.004534
31 0.008122
32 0.004696
33 0.003879
34 0.004538
35 0.004113
36 0.004674
37 0.006858
38 0.006128
39 0.005387
40 0.005603
41 0.005995
42 0.006147
43 0.006969
44 0.00663
45 0.006551
46 0.007003
47 0.006979
48 0.008005
49 0.00801
50 0.008076
51 0.008049
52 0.008316
53 0.00838
54 0.008842
55 0.008871
56 0.010254
57 0.010361
58 0.010633
59 0.011229
60 0.010543
61 0.011348
62 0.012407
63 0.011822
64 0.016669
65 0.012322
66 0.013421
67 0.013585
68 0.013899
69 0.015092
70 0.015541
71 0.015206
72 0.016887
73 0.015603
74 0.016504
75 0.015919
76 0.018856
77 0.02022
78 0.020261
79 0.019727
80 0.019396
81 0.018746
82 0.019765
83 0.022032
84 0.023529
85 0.021316
86 0.021583
87 0.021082
88 0.021781
89 0.023673
90 0.023795
91 0.024186
92 0.027381
93 0.027603
94 0.028035
95 0.028448
96 0.027677
97 0.028477
98 0.032891
99 0.030614
100 0.030024
101 0.031262
102 0.031295
103 0.031326
104 0.030327
105 0.033806
106 0.03562
107 0.033588
108 0.034908
109 0.036505
110 0.036466
111 0.036237
112 0.03827
113 0.043038
114 0.042344
115 0.041636
116 0.043183
117 0.045273
118 0.043288
119 0.045655
120 0.045659
121 0.043641
122 0.047603
123 0.046984
124 0.050707
125 0.046922
126 0.050984
127 0.055735
128 0.049158
129 0.050766
130 0.050668
131 0.05472
132 0.05514
133 0.060273
134 0.062889
135 0.058013
136 0.058861
137 0.057189
138 0.057872
139 0.058346
140 0.059262
141 0.059038
142 0.061161
143 0.063427
144 0.061959
145 0.065346
146 0.065748
147 0.068904
148 0.075787
149 0.076449
150 0.079416
151 0.077257
152 0.073199
153 0.082626
154 0.082342
155 0.074697
156 0.083275
157 0.107837
158 0.083454
159 0.082329
160 0.08649
161 0.087482
162 0.102527
163 0.108122
164 0.106222
165 0.102823
166 0.103908
167 0.102178
168 0.097417
169 0.099512
170 0.096918
171 0.108261
172 0.11039
173 0.122307
174 0.108633
175 0.113075
176 0.124228
177 0.11494
178 0.110251
179 0.109848
180 0.12359
181 0.116079
182 0.119258
183 0.119443
184 0.132966
185 0.125271
186 0.129618
187 0.130859
188 0.132869
189 0.127592
190 0.137479
191 0.160318
192 0.144854
193 0.170047
194 0.186774
195 0.160179
196 0.166766
197 0.17119
198 0.195802
199 0.237518
200 0.191394
201 0.178254
202 0.214331
203 0.200675
204 0.192615
205 0.21848
206 0.23647
207 0.194706
208 0.206406
209 0.265227
210 0.23241
211 0.230128
212 0.285313
213 0.211674
214 0.191793
215 0.190849
216 0.208291
217 0.231574
218 0.267175
219 0.233822
220 0.221529
221 0.218062
222 0.22122
223 0.217865
224 0.238308
225 0.23587
226 0.24788
227 0.255425
228 0.257868
229 0.266726
230 0.365489
231 0.273331
232 0.271847
233 0.2798
234 0.29713
235 0.372471
236 0.373322
237 0.369223
238 0.377165
239 0.364774
240 0.380618
241 0.3762
242 0.369986
243 0.381244
244 0.390765
245 0.303679
246 0.307187
247 0.309597
248 0.326688
249 0.356905
250 0.384114
251 0.396755
252 0.376022
253 0.370019
254 0.39664
255 0.403541
256 0.380853
257 0.386507
258 0.388979
259 0.385608
260 0.422076
261 0.445554
262 0.414001
263 0.425544
264 0.407059
265 0.428667
266 0.440843
267 0.436117
268 0.458569
269 0.459273
270 0.462639
271 0.445462
272 0.453975
273 0.49893
274 0.507229
275 0.474813
276 0.484816
277 0.505656
278 0.521513
279 0.494795
280 0.49682
281 0.501008
282 0.525665
283 0.5065
284 0.556117
285 0.662916
286 0.681022
287 0.717168
288 0.702255
289 0.728526
290 0.650317
291 0.586532
292 0.561374
293 0.604933
294 0.611133
295 0.615672
296 0.58878
297 0.580569
298 0.610308
299 0.630915
300 0.644177
