1 4e-06
2 6e-06
3 1.7e-05
4 2.5e-05
5 3.5e-05
6 5.1e-05
7 7.7e-05
8 0.000101
9 0.000164
10 0.000256
11 0.000238
12 0.00027
13 0.000327
14 0.000388
15 0.000456
16 0.000478
17 0.000528
18 0.000602
19 0.000688
20 0.000713
21 0.000854
22 0.000875
23 0.000988
24 0.001046
25 0.001158
26 0.001178
27 0.001366
28 0.001809
29 0.001547
30 0.00163
31 0.00183
32 0.001806
33 0.002341
34 0.002658
35 0.002821
36 0.002624
37 0.002685
38 0.003695
39 0.003343
40 0.004627
41 0.003423
42 0.003676
43 0.003906
44 0.003853
45 0.003989
46 0.004026
47 0.00466
48 0.004417
49 0.005124
50 0.005855
51 0.005375
52 0.005388
53 0.006572
54 0.005766
55 0.007252
56 0.006288
57 0.00662
58 0.006862
59 0.007186
60 0.007602
61 0.008138
62 0.008097
63 0.010008
64 0.009814
65 0.010984
66 0.010388
67 0.010643
68 0.010695
69 0.010941
70 0.010823
71 0.011567
72 0.012097
73 0.012369
74 0.012966
75 0.013297
76 0.013448
77 0.013968
78 0.014701
79 0.015345
80 0.015638
81 0.016019
82 0.016346
83 0.016245
84 0.016834
85 0.018057
86 0.01894
87 0.024235
88 0.018809
89 0.019628
90 0.020235
91 0.02164
92 0.021311
93 0.020426
94 0.025513
95 0.023505
96 0.024605
97 0.023348
98 0.023936
99 0.02522
100 0.028526
101 0.025448
102 0.026062
103 0.02633
104 0.026929
105 0.027126
106 0.028739
107 0.028821
108 0.030253
109 0.031188
110 0.033185
111 0.03341
112 0.03325
113 0.034323
114 0.036455
115 0.036715
116 0.037508
117 0.037996
118 0.043188
119 0.039465
120 0.042284
121 0.043343
122 0.045508
123 0.042138
124 0.042313
125 0.042034
126 0.043308
127 0.044638
128 0.044947
129 0.045416
130 0.046394
131 0.04906
132 0.048214
133 0.048933
134 0.049874
135 0.050821
136 0.053196
137 0.053012
138 0.055969
139 0.058416
140 0.055305
141 0.05727
142 0.060241
143 0.076741
144 0.060721
145 0.062
146 0.063463
147 0.063696
148 0.065063
149 0.067167
150 0.070697
151 0.068312
152 0.071277
153 0.074234
154 0.07262
155 0.072315
156 0.074142
157 0.075309
158 0.075345
159 0.075748
160 0.077646
161 0.083388
162 0.079581
163 0.080115
164 0.082996
165 0.083113
166 0.085011
167 0.086353
168 0.087927
169 0.105672
170 0.12981
171 0.140929
172 0.136899
173 0.118104
174 0.122889
175 0.122481
176 0.147981
177 0.151049
178 0.159751
179 0.159158
180 0.203314
181 0.192182
182 0.262154
183 0.204606
184 0.149806
185 0.195422
186 0.153114
187 0.13239
188 0.133193
189 0.138328
190 0.129532
191 0.150002
192 0.130768
193 0.237573
194 0.133964
195 0.138671
196 0.133376
197 0.132073
198 0.132676
199 0.15119
200 0.148254
201 0.142232
202 0.146468
203 0.160725
204 0.146362
205 0.159127
206 0.148315
207 0.150699
208 0.15524
209 0.174749
210 0.195886
211 0.180896
212 0.15786
213 0.16328
214 0.162207
215 0.155708
216 0.158481
217 0.168025
218 0.16493
219 0.171725
220 0.182772
221 0.176883
222 0.178536
223 0.1812
224 0.190872
225 0.196153
226 0.204428
227 0.197255
228 0.214467
229 0.19697
230 0.276905
231 0.206573
232 0.223715
233 0.220539
234 0.237775
235 0.233227
236 0.293951
237 0.213701
238 0.216542
239 0.209486
240 0.200727
241 0.208461
242 0.207862
243 0.207459
244 0.217531
245 0.213595
246 0.221543
247 0.219527
248 0.226181
249 0.22119
250 0.23166
251 0.221795
252 0.227154
253 0.239889
254 0.236794
255 0.232342
256 0.243375
257 0.248979
258 0.248591
259 0.260461
260 0.289207
261 0.25392
262 0.27499
263 0.261674
264 0.26455
265 0.253168
266 0.256595
267 0.265504
268 0.280158
269 0.275666
270 0.265462
271 0.266578
272 0.27173
273 0.271947
274 0.291394
275 0.300243
276 0.279143
277 0.282806
278 0.295674
279 0.28723
280 0.293548
281 0.301753
282 0.312049
283 0.317105
284 0.301535
285 0.306025
286 0.313438
287 0.312553
288 0.316006
289 0.323777
290 0.319972
291 0.322186
292 0.324506
293 0.327602
294 0.330132
295 0.332381
296 0.334103
297 0.339472
298 0.344266
299 0.343153
300 0.347913
